1.51 2.21
32.0 56.0
102.54 888.66
825.54 666.66
1.51 2.21
32.0 56.0
102.54 888.66
825.54 666.66
205.66 163.61
380.48 395.32
46.01 524.45
587.41 675.65
204.31 5.46
511.1 20.24
408.32 681.51
550.23 206.18
722.03 227.8
8.26 628.46
636.68 144.96
340.51 854.65
143.35 791.03
746.73 826.63
850.09 541.43
538.64 45.77
733.25 21.99
436.89 953.15
768.15 574.87
576.6 0.55
731.03 785.11
781.87 878.78
940.35 864.54
207.37 371.2
119.73 571.39
920.87 723.03
68.81 678.09
282.5 186.4
525.3 522.07
716.02 150.33
368.4 285.88
529.09 698.62
555.25 13.81
794.72 692.62
930.07 930.92
256.79 432.66
155.4 345.0
172.1 221.4
323.57 757.53
201.43 325.92
793.97 219.18
271.51 99.99
179.61 13.69
890.97 4.33
331.67 184.04
103.96 634.91
182.84 72.99
973.53 323.27
15.22 554.39
208.37 14.52
823.54 764.17
39.8 170.41
452.6 642.82
436.61 230.82
59.57 406.41
52.18 271.11
855.57 4.6
132.63 581.24
228.6 917.63
551.63 518.27
994.14 218.57
898.03 987.36
86.59 985.99
739.14 705.04
250.97 434.78
999.9 809.17
483.23 620.66
573.69 337.4
864.32 119.03
387.04 515.71
516.63 567.03
979.89 499.88
833.85 680.57
208.57 343.08
314.92 762.4
731.0 753.54
935.67 512.91
504.89 910.9
831.24 134.28
167.16 161.63
132.17 267.49
551.02 719.0
609.43 553.08
185.63 432.84
341.45 425.41
468.98 228.04
55.11 879.28
553.8 291.81
955.07 229.33
296.86 308.97
227.59 676.02
583.6 583.01
出问题的数据如上